odometry = [0.00, 0.00,0.00; 
0.00, 0.00,0.00; 
0.00, 0.00,0.00; 
0.00, 0.00,0.06; 
0.00, 0.00,0.27; 
0.01, 0.00,0.51; 
0.01, 0.00,0.75; 
0.01, 0.00,0.98; 
0.01, 0.00,1.22; 
0.01, 0.01,1.44; 
0.01, 0.01,1.63; 
0.00, 0.06,1.66; 
-0.00, 0.12,1.66; 
-0.00, 0.16,1.67; 
-0.01, 0.20,1.58; 
-0.00, 0.24,1.41; 
0.00, 0.28,1.29; 
0.02, 0.31,1.11; 
0.04, 0.35,1.07; 
0.05, 0.39,1.18; 
0.07, 0.43,1.40; 
0.07, 0.47,1.57; 
0.07, 0.51,1.75; 
0.06, 0.54,1.97; 
0.04, 0.57,2.17; 
0.02, 0.60,2.40; 
-0.01, 0.62,2.56; 
-0.04, 0.64,2.57; 
-0.07, 0.66,2.37; 
-0.10, 0.69,2.13; 
-0.11, 0.73,1.97; 
-0.12, 0.76,1.72; 
-0.12, 0.80,1.57; 
-0.12, 0.83,1.44; 
-0.12, 0.86,1.25; 
-0.10, 0.89,0.98; 
-0.08, 0.92,0.73; 
-0.05, 0.94,0.48; 
-0.02, 0.95,0.16; 
0.03, 0.95,-0.01; 
0.04, 0.95,-0.37; 
0.04, 0.95,-0.60; 
0.04, 0.95,-0.82; 
0.04, 0.95,-1.04; 
0.04, 0.94,-1.27; 
0.04, 0.94,-1.46; 
0.05, 0.90,-1.42; 
0.06, 0.84,-1.36; 
0.06, 0.80,-1.40; 
0.07, 0.77,-1.46; 
0.08, 0.72,-1.41; 
0.08, 0.68,-1.41; 
0.09, 0.64,-1.36; 
0.10, 0.61,-1.33; 
0.11, 0.57,-1.27; 
0.12, 0.53,-1.21; 
0.14, 0.49,-1.19; 
0.15, 0.45,-1.19; 
0.17, 0.42,-1.10; 
0.18, 0.39,-1.06; 
0.20, 0.36,-1.04; 
0.22, 0.33,-1.00; 
0.24, 0.30,-0.93; 
0.26, 0.28,-0.86; 
0.28, 0.25,-0.85; 
0.30, 0.23,-0.83; 
0.32, 0.21,-0.81; 
0.34, 0.19,-0.75; 
0.36, 0.17,-0.75; 
0.38, 0.15,-0.77; 
0.40, 0.13,-0.78; 
0.42, 0.11,-0.75; 
0.44, 0.09,-0.77; 
0.46, 0.07,-0.76; 
0.48, 0.05,-0.76; 
0.50, 0.03,-0.80; 
0.52, 0.02,-0.81; 
0.53, 0.00,-0.83; 
0.54, -0.01,-0.83; 
0.56, -0.03,-0.88; 
0.57, -0.04,-0.90; 
0.58, -0.06,-0.91; 
0.59, -0.06,-0.94; 
0.59, -0.06,-0.93; 
0.59, -0.07,-0.92; 
0.61, -0.09,-0.89; 
0.64, -0.13,-0.90; 
0.66, -0.16,-0.93; 
0.69, -0.19,-0.93; 
