odometry = [0.00, 0.00,0.00; 
0.00, 0.00,0.00; 
0.00, 0.00,0.00; 
0.00, 0.00,0.06; 
0.00, 0.00,0.27; 
0.00, 0.00,0.50; 
0.01, 0.00,0.72; 
0.01, 0.00,0.95; 
0.01, 0.01,1.19; 
0.01, 0.01,1.44; 
0.01, 0.01,1.69; 
0.01, 0.01,1.94; 
0.01, 0.01,2.18; 
0.01, 0.01,2.41; 
0.00, 0.02,2.65; 
0.00, 0.02,2.89; 
0.00, 0.02,3.11; 
-0.00, 0.02,-2.93; 
-0.00, 0.02,-2.68; 
-0.00, 0.01,-2.45; 
-0.03, -0.01,-2.39; 
-0.07, -0.04,-2.45; 
-0.11, -0.07,-2.53; 
-0.14, -0.10,-2.43; 
-0.17, -0.13,-2.38; 
-0.20, -0.16,-2.37; 
-0.22, -0.17,-2.34; 
-0.22, -0.18,-2.33; 
-0.22, -0.18,-2.33; 
-0.23, -0.19,-2.30; 
-0.26, -0.22,-2.29; 
-0.29, -0.25,-2.30; 
-0.32, -0.28,-2.32; 
-0.34, -0.31,-2.31; 
