odometry = [0.20, 0.20,0.00; 
0.20, 0.20,0.00; 
0.20, 0.20,0.00; 
0.20, 0.20,0.00; 
0.20, 0.20,0.00; 
0.20, 0.20,0.00; 
0.21, 0.20,0.14; 
0.21, 0.20,0.42; 
0.21, 0.20,0.71; 
0.21, 0.20,1.00; 
0.21, 0.21,1.29; 
0.21, 0.21,1.57; 
0.21, 0.22,1.66; 
0.21, 0.25,1.62; 
0.21, 0.27,1.59; 
0.21, 0.29,1.55; 
0.21, 0.31,1.57; 
0.21, 0.33,1.60; 
0.21, 0.35,1.57; 
0.21, 0.38,1.54; 
0.21, 0.40,1.59; 
0.21, 0.42,1.59; 
0.21, 0.44,1.55; 
0.21, 0.46,1.56; 
0.21, 0.48,1.61; 
0.21, 0.51,1.58; 
0.21, 0.53,1.56; 
0.21, 0.55,1.55; 
0.21, 0.57,1.60; 
0.21, 0.59,1.58; 
0.21, 0.61,1.47; 
0.21, 0.63,1.50; 
0.21, 0.66,1.56; 
0.21, 0.68,1.60; 
0.21, 0.70,1.58; 
0.21, 0.72,1.55; 
0.21, 0.74,1.57; 
0.21, 0.76,1.60; 
0.21, 0.78,1.56; 
0.21, 0.80,1.56; 
0.21, 0.83,1.60; 
0.21, 0.85,1.58; 
0.21, 0.87,1.56; 
0.21, 0.89,1.55; 
0.21, 0.91,1.60; 
0.21, 0.94,1.57; 
0.21, 0.96,1.54; 
0.21, 0.98,1.60; 
0.21, 1.00,1.56; 
0.21, 1.01,1.49; 
0.21, 1.04,1.54; 
0.21, 1.06,1.58; 
0.21, 1.08,1.59; 
0.21, 1.10,1.54; 
0.21, 1.12,1.57; 
0.21, 1.15,1.60; 
0.21, 1.17,1.57; 
0.21, 1.19,1.54; 
0.21, 1.21,1.57; 
0.21, 1.23,1.60; 
0.21, 1.25,1.57; 
0.21, 1.27,1.54; 
0.21, 1.30,1.59; 
0.21, 1.32,1.59; 
0.21, 1.34,1.56; 
0.21, 1.36,1.54; 
0.21, 1.39,1.59; 
0.21, 1.40,1.50; 
0.22, 1.42,1.50; 
0.22, 1.44,1.52; 
0.22, 1.46,1.58; 
0.22, 1.49,1.60; 
0.22, 1.51,1.58; 
0.22, 1.53,1.55; 
0.22, 1.55,1.57; 
0.22, 1.57,1.60; 
0.22, 1.59,1.56; 
0.22, 1.62,1.56; 
0.22, 1.64,1.60; 
0.22, 1.66,1.58; 
0.22, 1.68,1.55; 
0.22, 1.70,1.57; 
0.22, 1.73,1.60; 
0.22, 1.75,1.56; 
0.22, 1.77,1.55; 
0.22, 1.79,1.60; 
0.22, 1.80,1.42; 
0.22, 1.80,1.17; 
0.22, 1.80,0.91; 
0.22, 1.80,0.67; 
0.22, 1.80,0.42; 
0.22, 1.80,0.19; 
0.23, 1.80,-0.06; 
0.25, 1.80,-0.09; 
0.27, 1.80,-0.05; 
0.30, 1.80,-0.00; 
0.32, 1.80,0.03; 
0.34, 1.80,0.01; 
0.36, 1.80,-0.02; 
0.38, 1.80,-0.00; 
0.40, 1.80,0.03; 
0.43, 1.80,-0.01; 
0.45, 1.80,-0.02; 
0.47, 1.80,0.03; 
0.49, 1.80,0.02; 
0.51, 1.80,-0.00; 
0.53, 1.80,-0.02; 
0.55, 1.80,0.03; 
0.58, 1.80,0.01; 
0.59, 1.80,-0.03; 
0.61, 1.80,0.11; 
0.63, 1.80,0.09; 
0.65, 1.81,0.06; 
0.67, 1.81,0.04; 
0.70, 1.81,0.01; 
0.72, 1.81,-0.02; 
0.74, 1.81,0.00; 
0.76, 1.81,0.02; 
0.78, 1.81,-0.00; 
0.80, 1.81,-0.02; 
0.83, 1.81,0.03; 
0.85, 1.81,0.02; 
0.87, 1.81,-0.01; 
0.89, 1.81,-0.01; 
0.91, 1.81,0.03; 
0.93, 1.81,0.00; 
0.96, 1.81,-0.02; 
0.98, 1.81,0.01; 
1.00, 1.81,0.01; 
1.01, 1.81,-0.08; 
1.03, 1.81,-0.04; 
1.06, 1.81,-0.00; 
1.08, 1.81,0.03; 
1.10, 1.81,0.00; 
1.12, 1.81,-0.03; 
1.14, 1.81,0.01; 
1.16, 1.81,0.03; 
1.19, 1.81,-0.00; 
1.21, 1.81,-0.02; 
1.23, 1.81,0.02; 
1.25, 1.81,0.01; 
1.27, 1.81,-0.01; 
1.29, 1.81,-0.01; 
1.31, 1.81,0.03; 
1.34, 1.81,0.01; 
1.36, 1.81,-0.02; 
1.38, 1.81,0.00; 
1.39, 1.81,-0.01; 
1.41, 1.81,-0.07; 
1.44, 1.80,-0.03; 
1.46, 1.80,0.02; 
1.48, 1.80,0.02; 
1.50, 1.80,-0.00; 
1.52, 1.80,-0.03; 
1.54, 1.80,0.01; 
1.57, 1.80,0.01; 
1.59, 1.80,-0.02; 
1.61, 1.80,-0.01; 
1.63, 1.80,0.04; 
1.65, 1.81,0.02; 
1.68, 1.81,-0.01; 
1.70, 1.80,-0.01; 
1.72, 1.80,0.03; 
1.74, 1.81,-0.01; 
1.76, 1.80,-0.01; 
1.79, 1.81,0.03; 
1.80, 1.81,-0.05; 
1.82, 1.80,-0.08; 
1.84, 1.80,-0.04; 
1.86, 1.80,0.00; 
1.89, 1.80,0.03; 
1.91, 1.80,-0.00; 
1.93, 1.80,-0.03; 
1.95, 1.80,0.02; 
1.97, 1.80,0.03; 
1.99, 1.80,0.01; 
2.02, 1.80,-0.02; 
2.04, 1.80,-0.00; 
2.06, 1.80,0.03; 
2.08, 1.80,-0.00; 
2.10, 1.80,-0.02; 
2.12, 1.80,0.01; 
2.15, 1.80,0.03; 
2.17, 1.80,-0.00; 
2.19, 1.80,-0.03; 
2.20, 1.80,0.08; 
2.22, 1.81,0.07; 
2.25, 1.81,0.04; 
2.27, 1.81,0.01; 
2.29, 1.81,-0.01; 
2.31, 1.81,-0.01; 
2.33, 1.81,0.03; 
2.36, 1.81,0.01; 
2.38, 1.81,-0.03; 
2.40, 1.81,0.00; 
2.42, 1.81,0.03; 
2.44, 1.81,0.01; 
2.47, 1.81,-0.02; 
2.49, 1.81,-0.00; 
2.51, 1.81,0.02; 
2.53, 1.81,-0.01; 
2.55, 1.81,-0.02; 
2.57, 1.81,0.02; 
2.59, 1.81,0.02; 
2.60, 1.81,-0.20; 
2.60, 1.81,-0.44; 
2.60, 1.81,-0.66; 
2.60, 1.80,-0.88; 
2.60, 1.80,-1.11; 
2.60, 1.80,-1.35; 
2.60, 1.80,-1.56; 
2.60, 1.78,-1.66; 
2.60, 1.76,-1.65; 
2.60, 1.74,-1.62; 
2.60, 1.72,-1.56; 
2.60, 1.69,-1.54; 
2.60, 1.67,-1.56; 
2.60, 1.65,-1.60; 
2.60, 1.63,-1.58; 
2.60, 1.61,-1.54; 
2.60, 1.59,-1.57; 
2.60, 1.57,-1.60; 
2.60, 1.55,-1.55; 
2.60, 1.53,-1.54; 
2.60, 1.50,-1.57; 
2.60, 1.48,-1.60; 
2.60, 1.46,-1.56; 
2.60, 1.44,-1.55; 
2.60, 1.42,-1.59; 
2.60, 1.40,-1.55; 
2.60, 1.38,-1.46; 
2.60, 1.36,-1.49; 
2.60, 1.34,-1.52; 
2.61, 1.32,-1.55; 
2.61, 1.30,-1.59; 
2.61, 1.28,-1.58; 
2.61, 1.25,-1.54; 
2.61, 1.23,-1.56; 
2.61, 1.21,-1.59; 
2.61, 1.19,-1.58; 
2.61, 1.17,-1.54; 
2.61, 1.15,-1.57; 
2.61, 1.13,-1.59; 
2.61, 1.10,-1.55; 
2.61, 1.08,-1.55; 
2.61, 1.06,-1.57; 
2.61, 1.04,-1.59; 
2.61, 1.02,-1.57; 
2.61, 1.01,-1.58; 
2.60, 0.98,-1.66; 
2.60, 0.96,-1.62; 
2.60, 0.94,-1.58; 
2.60, 0.92,-1.54; 
2.60, 0.90,-1.55; 
2.60, 0.88,-1.57; 
2.60, 0.86,-1.60; 
2.60, 0.84,-1.55; 
2.60, 0.82,-1.56; 
2.60, 0.79,-1.60; 
2.60, 0.77,-1.57; 
2.60, 0.75,-1.54; 
2.60, 0.73,-1.56; 
2.60, 0.71,-1.59; 
2.60, 0.69,-1.58; 
2.60, 0.67,-1.54; 
2.60, 0.64,-1.58; 
2.60, 0.62,-1.59; 
2.60, 0.60,-1.57; 
2.60, 0.58,-1.64; 
2.60, 0.56,-1.60; 
2.60, 0.54,-1.54; 
2.60, 0.52,-1.56; 
2.60, 0.50,-1.59; 
2.60, 0.47,-1.57; 
2.60, 0.45,-1.55; 
2.60, 0.43,-1.58; 
2.60, 0.41,-1.60; 
2.60, 0.39,-1.54; 
2.60, 0.37,-1.54; 
2.60, 0.35,-1.58; 
2.60, 0.33,-1.59; 
2.60, 0.30,-1.54; 
2.60, 0.28,-1.56; 
2.60, 0.26,-1.57; 
2.60, 0.24,-1.59; 
2.60, 0.22,-1.54; 
2.60, 0.20,-1.50; 
2.60, 0.20,-1.26; 
2.60, 0.20,-0.98; 
2.60, 0.20,-0.72; 
2.61, 0.20,-0.44; 
2.61, 0.20,-0.16; 
2.61, 0.20,0.07; 
2.64, 0.20,0.08; 
2.66, 0.20,0.06; 
2.68, 0.20,0.04; 
2.70, 0.20,0.01; 
2.72, 0.20,-0.03; 
2.74, 0.20,-0.00; 
2.77, 0.20,0.03; 
2.79, 0.20,0.00; 
2.81, 0.20,-0.02; 
2.83, 0.20,0.00; 
2.85, 0.20,0.03; 
2.87, 0.20,0.01; 
2.90, 0.20,-0.03; 
2.92, 0.20,0.01; 
2.94, 0.20,0.03; 
2.96, 0.21,0.00; 
2.98, 0.21,-0.02]
