Desvío final en x: 0.16 m
Desvío final en y: 0.05 m
Desvío final de theta: 0.26 rad

Error:
x: 0.16 - 0.05 = 0.11 m de error
y: 0.05 - (-0.04) = 0.09 m de error
theta: (1.57 + 0.26) - 1.65 = 0.18 rad de error // Porque 1.57 rad era lo deseado y se ha desviado 0.26 rad

odometry = [0.00, 0.00,0.00; 
0.00, 0.00,0.12; 
0.00, -0.00,0.30; 
0.00, -0.00,0.50; 
0.00, -0.00,0.70; 
0.00, -0.00,0.90; 
0.00, -0.00,1.10; 
0.00, 0.00,1.29; 
0.00, 0.00,1.49; 
0.00, 0.02,1.50; 
0.01, 0.06,1.23; 
0.03, 0.10,0.94; 
0.06, 0.12,0.68; 
0.09, 0.15,0.40; 
0.13, 0.16,0.29; 
0.17, 0.17,0.30; 
0.21, 0.18,0.30; 
0.25, 0.19,0.30; 
0.28, 0.21,0.31; 
0.32, 0.22,0.31; 
0.36, 0.23,0.30; 
0.40, 0.24,0.30; 
0.44, 0.26,0.31; 
0.48, 0.27,0.31; 
0.52, 0.28,0.30; 
0.56, 0.29,0.30; 
0.60, 0.30,0.31; 
0.64, 0.32,0.30; 
0.67, 0.33,0.30; 
0.71, 0.34,0.30; 
0.75, 0.35,0.30; 
0.79, 0.37,0.31; 
0.83, 0.38,0.30; 
0.87, 0.39,0.21; 
0.91, 0.39,0.11; 
0.95, 0.40,0.01; 
0.99, 0.40,-0.09; 
1.03, 0.39,-0.19; 
1.06, 0.38,-0.29; 
1.10, 0.37,-0.39; 
1.14, 0.35,-0.49; 
1.17, 0.33,-0.58; 
1.21, 0.31,-0.68; 
1.24, 0.28,-0.79; 
1.26, 0.25,-0.88; 
1.29, 0.22,-0.98; 
1.31, 0.18,-1.08; 
1.32, 0.15,-1.19; 
1.34, 0.11,-1.29; 
1.35, 0.07,-1.39; 
1.35, 0.03,-1.49; 
1.35, -0.01,-1.58; 
1.35, -0.05,-1.68; 
1.34, -0.09,-1.79; 
1.33, -0.13,-1.89; 
1.32, -0.17,-1.98; 
1.30, -0.20,-2.08; 
1.28, -0.24,-2.18; 
1.26, -0.27,-2.28; 
1.23, -0.30,-2.38; 
1.20, -0.32,-2.48; 
1.17, -0.35,-2.58; 
1.13, -0.36,-2.68; 
1.09, -0.38,-2.78; 
1.05, -0.39,-2.89; 
1.01, -0.40,-2.98; 
0.97, -0.41,-3.08; 
0.93, -0.41,3.10; 
0.89, -0.40,3.00; 
0.85, -0.40,2.90; 
0.82, -0.38,2.82; 
0.78, -0.37,2.82; 
0.74, -0.36,2.82; 
0.70, -0.35,2.83; 
0.66, -0.33,2.83; 
0.63, -0.32,2.82; 
0.59, -0.31,2.82; 
0.55, -0.30,2.83; 
0.51, -0.28,2.83; 
0.47, -0.27,2.83; 
0.44, -0.26,2.82; 
0.40, -0.25,2.83; 
0.36, -0.23,2.83; 
0.32, -0.22,2.82; 
0.29, -0.21,2.82; 
0.25, -0.20,2.83; 
0.21, -0.19,2.83; 
0.17, -0.17,2.83; 
0.13, -0.16,2.73; 
0.10, -0.14,2.46; 
0.07, -0.11,2.18; 
0.05, -0.07,1.92; 
0.05, -0.04,1.65]