odometry = [0.00, 0.00,1.57; 
-0.00, -0.00,1.45; 
-0.00, -0.00,1.26; 
0.00, -0.00,1.06; 
0.00, -0.00,0.84; 
0.00, -0.00,0.65; 
0.00, -0.00,0.45; 
0.00, -0.00,0.25; 
0.00, -0.00,0.05; 
0.02, -0.00,0.03; 
0.07, 0.00,0.12; 
0.11, 0.01,0.22; 
0.15, 0.02,0.32; 
0.19, 0.03,0.42; 
0.22, 0.05,0.52; 
0.26, 0.08,0.62; 
0.29, 0.10,0.72; 
0.32, 0.13,0.82; 
0.35, 0.16,0.93; 
0.37, 0.19,1.03; 
0.39, 0.23,1.12; 
0.40, 0.27,1.23; 
0.41, 0.31,1.34; 
0.42, 0.35,1.44; 
0.43, 0.39,1.53; 
0.42, 0.43,1.63; 
0.42, 0.47,1.74; 
0.41, 0.51,1.84; 
0.40, 0.55,1.95; 
0.38, 0.59,2.05; 
0.36, 0.62,2.15; 
0.34, 0.66,2.25; 
0.31, 0.69,2.36; 
0.28, 0.71,2.46; 
0.24, 0.74,2.55; 
0.21, 0.76,2.66; 
0.17, 0.78,2.76; 
0.14, 0.79,2.86; 
0.10, 0.80,2.96; 
0.06, 0.80,3.06; 
0.01, 0.80,-3.14; 
-0.03, 0.81,3.05; 
-0.07, 0.81,2.95; 
-0.11, 0.82,2.84; 
-0.15, 0.84,2.74; 
-0.18, 0.85,2.63; 
-0.22, 0.88,2.52; 
-0.25, 0.90,2.43; 
-0.28, 0.93,2.33; 
-0.31, 0.96,2.22; 
-0.33, 1.00,2.12; 
-0.35, 1.03,2.02; 
-0.36, 1.07,1.92; 
-0.38, 1.11,1.82; 
-0.38, 1.15,1.71; 
-0.39, 1.19,1.62; 
-0.39, 1.23,1.52; 
-0.38, 1.27,1.42; 
-0.38, 1.31,1.31; 
-0.36, 1.35,1.21; 
-0.35, 1.39,1.10; 
-0.33, 1.42,1.01; 
-0.30, 1.45,0.91; 
-0.27, 1.49,0.80; 
-0.25, 1.51,0.70; 
-0.21, 1.54,0.59; 
-0.18, 1.56,0.50; 
-0.14, 1.58,0.39; 
-0.10, 1.59,0.29; 
-0.06, 1.60,0.19; 
-0.02, 1.61,0.09; 
0.02, 1.61,-0.01; 
0.06, 1.61,-0.11; 
0.10, 1.60,-0.21; 
0.14, 1.59,-0.32; 
0.18, 1.57,-0.42; 
0.21, 1.56,-0.51; 
0.25, 1.53,-0.62; 
0.28, 1.51,-0.72; 
0.31, 1.48,-0.83; 
0.34, 1.45,-0.93; 
0.36, 1.41,-1.02; 
0.38, 1.38,-1.13; 
0.39, 1.34,-1.23; 
0.40, 1.30,-1.34; 
0.41, 1.26,-1.44; 
0.42, 1.22,-1.53; 
0.41, 1.18,-1.63; 
0.41, 1.14,-1.74; 
0.40, 1.10,-1.84; 
0.39, 1.06,-1.93; 
0.37, 1.02,-2.03; 
0.35, 0.99,-2.14; 
0.33, 0.96,-2.24; 
0.30, 0.93,-2.34; 
0.27, 0.90,-2.44; 
0.24, 0.87,-2.55; 
0.20, 0.85,-2.65; 
0.16, 0.83,-2.76; 
0.13, 0.82,-2.86; 
0.09, 0.81,-2.95; 
0.05, 0.80,-3.06; 
0.00, 0.80,3.14; 
-0.04, 0.80,-3.05; 
-0.08, 0.80,-2.93; 
-0.12, 0.79,-2.83; 
-0.16, 0.77,-2.73; 
-0.20, 0.75,-2.62; 
-0.23, 0.73,-2.52; 
-0.26, 0.70,-2.42; 
-0.29, 0.68,-2.32; 
-0.32, 0.64,-2.21; 
-0.34, 0.61,-2.12; 
-0.36, 0.57,-2.01; 
-0.38, 0.53,-1.90; 
-0.39, 0.50,-1.81; 
-0.40, 0.46,-1.71; 
-0.40, 0.42,-1.61; 
-0.40, 0.37,-1.49; 
-0.39, 0.33,-1.40; 
-0.38, 0.29,-1.30; 
-0.37, 0.25,-1.19; 
-0.35, 0.22,-1.10; 
-0.33, 0.18,-0.99; 
-0.31, 0.15,-0.89; 
-0.28, 0.12,-0.78; 
-0.25, 0.09,-0.68; 
-0.22, 0.07,-0.58; 
-0.18, 0.04,-0.47; 
-0.14, 0.03,-0.38; 
-0.10, 0.01,-0.28; 
-0.06, 0.00,-0.17; 
-0.02, 0.00,-0.07]
